
all_theta =

 Columns 1 through 12:

  -3.32441   0.00000   0.00000   0.00009  -0.00081  -0.00088   0.00142  -0.01753  -0.00105   0.00056   0.00047   0.00007
  -3.25339   0.00000   0.00000  -0.00003   0.00040  -0.00092  -0.01640  -0.00912  -0.01319  -0.00159  -0.00860  -0.00324
  -4.97022   0.00000   0.00000  -0.00001  -0.00012   0.00340   0.01388  -0.01995  -0.00626  -0.00092  -0.00954  -0.00292
  -2.25012   0.00000   0.00000  -0.00000  -0.00001   0.00102  -0.00096   0.00058   0.03962   0.02960   0.04873   0.01469
   0.67778   0.00000   0.00000  -0.00000   0.00009  -0.00092  -0.00823  -0.00335  -0.01634  -0.00996  -0.00150   0.00012
  -3.55807   0.00000   0.00000  -0.00000   0.00002  -0.00012  -0.00026  -0.00139  -0.00105  -0.00022  -0.00041  -0.00014
  -1.97411   0.00000   0.00000  -0.00002   0.00017   0.00058   0.00417   0.03121   0.00023  -0.00140  -0.00521  -0.00193
  -8.14116   0.00000   0.00000  -0.00000   0.00005   0.00008  -0.00018  -0.00696  -0.00599   0.00051   0.00007   0.00001
  -5.55847   0.00000   0.00000  -0.00000   0.00002   0.00044  -0.00593  -0.00389  -0.00039  -0.01841  -0.00988  -0.00011
   0.00000   0.00000   0.00000   0.00000   0.00000   0.00000   0.00000   0.00000   0.00000   0.00000   0.00000   0.00000

 Columns 13 through 24:

   0.00040   0.00179   0.00155   0.00427   0.00562   0.00047  -0.00008  -0.00000   0.00000  -0.00000   0.00001  -0.00112
   0.00402   0.00546   0.00239  -0.00499  -0.00244   0.00387  -0.00012  -0.00002   0.00000  -0.00000  -0.00001   0.00062
  -0.00354  -0.01313   0.01723   0.02856  -0.00228  -0.00070  -0.00001   0.00001   0.00000  -0.00000   0.00000   0.00043
  -0.00206   0.00344   0.02131   0.00828  -0.00019   0.00013   0.00002  -0.00000   0.00000  -0.00000   0.00007  -0.00006
   0.00197   0.00929  -0.04266  -0.06745   0.00005   0.00102   0.00000  -0.00001   0.00000  -0.00000  -0.00001  -0.00070
   0.00008   0.00009   0.00036   0.00053   0.00012   0.00002   0.00000  -0.00000   0.00000   0.00000  -0.00001  -0.00001
   0.00007   0.00023  -0.00433  -0.00156   0.00032   0.00003   0.00000  -0.00000   0.00000  -0.00000   0.00000   0.00025
   0.00004   0.00014   0.00061   0.00168   0.00128   0.00017   0.00001  -0.00000   0.00000  -0.00000  -0.00001   0.00007
   0.00122   0.00206   0.00378   0.00427   0.00139   0.00102   0.00014  -0.00002   0.00000  -0.00000  -0.00001  -0.00001
   0.00000   0.00000   0.00000   0.00000   0.00000   0.00000   0.00000   0.00000   0.00000   0.00000   0.00000   0.00000

 Columns 25 through 36:

   0.00924   0.01060   0.00201  -0.02346   0.00012   0.00071  -0.00931  -0.00117  -0.00448  -0.01960  -0.01154  -0.03852
  -0.00415   0.01338   0.15338  -0.08647  -0.17897  -0.03110  -0.03375  -0.02952  -0.06490  -0.06261  -0.02646   0.03668
  -0.00352  -0.01230  -0.04854  -0.11685  -0.08393  -0.06507  -0.06131  -0.03515   0.04828   0.12845  -0.23201  -0.34198
  -0.00575  -0.03014  -0.00525  -0.08533  -0.51988  -0.20131  -0.04645   0.04047   0.03500   0.01951  -0.19889  -0.08440
   0.00749   0.02177   0.02668  -0.00131  -0.07846  -0.04937  -0.02563   0.00507  -0.01615  -0.10287   0.46492   0.74368
  -0.00027   0.00818   0.01070   0.00086   0.00294   0.01049   0.00763   0.00963   0.00227   0.01306   0.00639   0.00040
  -0.00170  -0.00802  -0.07307   0.07959   0.18920   0.11466   0.06633   0.00563  -0.02363  -0.03463   0.04461   0.02957
  -0.00002   0.00035   0.00936  -0.00095  -0.02680  -0.03547  -0.01926   0.00431   0.00203  -0.00154  -0.00079  -0.00397
   0.00132  -0.00544  -0.00132  -0.01160  -0.10030  -0.20346  -0.07482  -0.00333  -0.02189  -0.02438  -0.02331  -0.03263
   0.00000   0.00000   0.00000   0.00000   0.00000   0.00000   0.00000   0.00000   0.00000   0.00000   0.00000   0.00000

 Columns 37 through 48:

  -0.05272   0.00616   0.00965   0.00032   0.00017   0.00000  -0.00028   0.00032   0.02662   0.06584   0.09813   0.09665
   0.02508  -0.04715   0.00621   0.00114   0.00009   0.00000   0.00029   0.00340  -0.01962  -0.34340  -0.26940  -0.38889
   0.01562  -0.01300  -0.03261  -0.00477   0.00061   0.00000  -0.00013  -0.00689   0.06261   0.38649   0.82203   0.69635
   0.00698   0.00053   0.00089   0.00038   0.00014  -0.00001  -0.00087   0.00696   0.06395   0.16253   0.00750  -0.14705
  -0.00293  -0.01258  -0.00433   0.00024   0.00002   0.00000  -0.00002   0.01072  -0.08103  -0.36834  -0.74199  -0.92223
   0.00140   0.00063   0.00013   0.00003   0.00001  -0.00001   0.00015  -0.00123   0.01049  -0.07924  -0.39310  -0.19488
   0.00613   0.01073   0.00694  -0.00084   0.00019   0.00000  -0.00001  -0.00014   0.00142  -0.01044   0.19818   0.19780
   0.00755   0.01547   0.00923   0.00057   0.00034   0.00000  -0.00008   0.00025   0.00711   0.00660  -0.08046  -0.20100
  -0.01038  -0.00719   0.00369  -0.00147  -0.00220   0.00000   0.00003   0.00032  -0.00349  -0.05500  -0.14111  -0.19150
   0.00000   0.00000   0.00000   0.00000   0.00000   0.00000   0.00000   0.00000   0.00000   0.00000   0.00000   0.00000

 Columns 49 through 60:

  -0.05766  -0.08783  -0.02308  -0.03896  -0.00530  -0.05994  -0.16995  -0.27736  -0.21574  -0.04507   0.05146   0.00073
  -0.45163  -0.27517   0.06784   0.44499   0.64148  -0.05063  -1.01651  -0.42194   0.13637  -0.35335  -0.07965   0.03663
   0.32149  -0.09702  -0.07158  -0.13461  -0.20573   0.34686   0.69964   0.35888   0.24739   0.39194   0.63777   0.03117
  -1.28346  -1.22515  -0.29662   0.18207  -0.63631  -1.09661  -0.93322  -0.22824  -0.02278  -0.02463  -0.01947   0.00367
  -0.27795  -0.12685   0.01416   0.00475  -0.09020  -0.23295   0.90415   1.44914  -0.37389  -0.23098   0.00884   0.00224
  -0.34423  -0.58846  -0.48873  -0.25311  -0.10362  -0.14695  -0.11375  -0.08123  -0.00345  -0.00106  -0.00134  -0.00010
   1.55956   2.25636   1.45722   0.69150   0.70789   0.27634  -0.09487  -0.17929  -0.21763  -0.18462  -0.14560  -0.01825
  -0.17894  -0.03772   0.02384  -0.03050   0.00295  -0.06288  -0.26362  -0.49982  -0.39936  -0.18190  -0.10725  -0.00003
  -1.07533  -1.71549  -0.61021  -0.15486  -0.22115  -0.12746  -0.09649  -0.04989  -0.11962  -0.07217  -0.13205   0.02598
   0.00000   0.00000   0.00000   0.00000   0.00000   0.00000   0.00000   0.00000   0.00000   0.00000   0.00000   0.00000

 Columns 61 through 72:

  -0.00039   0.00000   0.00136   0.00483  -0.16806  -0.61534  -0.95699  -1.29612  -0.76541  -0.84644  -0.07807   0.34497
  -0.00303   0.00016  -0.00003  -0.04689   0.07525   0.11533   0.25910   0.51424   0.56945   0.09980  -1.41175  -0.30533
  -0.00474   0.00000   0.00108  -0.02861   0.09610   0.58600   0.42602   0.37669  -0.12076  -0.68218  -0.54374  -0.53876
   0.00025   0.00007   0.00013  -0.04479   0.10269   0.71468   0.18713   0.67330  -0.29370  -0.12561   0.68046   0.68849
   0.00022   0.00001   0.00131   0.03728  -0.46581  -1.22207  -1.58441  -0.96275  -0.31114  -0.17354  -0.60126  -0.73520
  -0.00014  -0.00008  -0.00014   0.01809  -0.05409  -0.61838  -0.48669  -0.15334  -0.49119  -0.24682   0.75784   0.64298
  -0.00175   0.00000   0.00001   0.00609  -0.04658  -0.31867   0.22329   0.13502   1.16821   0.88171   0.83144   0.43052
  -0.00411   0.00000   0.00130  -0.00207  -0.12255  -0.23799  -0.73576  -0.81897   0.21907   0.90941   0.57902  -0.51036
   0.04050   0.00000   0.00051   0.00159  -0.06319  -0.28029  -0.65881  -0.82778  -1.15234  -0.72726  -0.31726  -0.05484
   0.00000   0.00000   0.00000   0.00000   0.00000   0.00000   0.00000   0.00000   0.00000   0.00000   0.00000   0.00000

 Columns 73 through 84:

  -0.11157  -0.00061  -0.53007  -0.71611  -1.08278  -1.46970  -1.40884  -0.03260  -0.01742   0.00000   0.00683  -0.05155
   1.12325   0.21115  -0.07456   0.54350  -0.19586  -0.30681  -0.72213  -0.34039   0.01778   0.00191  -0.00633  -0.11991
  -0.23169   0.88381   1.57991   1.48623   0.21607   0.71626   1.33804   0.21259  -0.02939   0.00000  -0.00319  -0.02749
  -0.53666  -1.69332  -1.08756  -0.62046  -0.50586  -0.20875  -0.11681  -0.03661  -0.01254   0.00080   0.00456  -0.16535
  -0.19836   0.15222   0.01623   0.00504   0.29299  -0.01349   0.36761  -0.01583  -0.00505  -0.00001   0.00699   0.04188
   0.30856  -0.40824  -0.34709  -0.24734  -0.37255  -0.09169   0.00442  -0.00212  -0.00084  -0.00287  -0.01629  -0.07689
   0.71830   1.33710   0.09705  -0.91071  -0.63900  -0.45255  -0.08080   0.24379  -0.00068   0.00000   0.00079   0.02461
  -0.40364  -0.06778  -0.07383  -0.09638  -0.79521  -0.82061  -0.54288  -0.05632  -0.01530   0.00001   0.00294  -0.00374
   0.75601   0.08204  -1.26798  -1.21109  -0.64715  -0.28889  -0.09155   0.00222  -0.01289   0.00001   0.00060   0.00509
   0.00000   0.00000   0.00000   0.00000   0.00000   0.00000   0.00000   0.00000   0.00000   0.00000   0.00000   0.00000

 Columns 85 through 96:

  -0.16022  -0.45480  -3.02232  -2.32032   0.00621   1.41189   2.11151   0.00983  -0.51491   0.10628  -1.03333  -1.07355
   0.44685  -0.23235  -0.59548   0.12374  -0.36275  -1.98942  -2.43356  -0.27229   0.61146   1.05728   0.37448  -0.04260
   0.30520   0.66926   0.03376   0.59994   0.66296  -1.09699  -1.13996  -0.99468  -0.99774  -0.23072  -0.12300   1.13232
  -0.53928  -0.00864  -0.38139  -0.06679  -0.75263  -0.82680  -0.10521   1.45654  -0.21355  -0.80682   1.37303  -0.08556
  -1.17708  -2.25272  -1.13175  -0.03272   0.10127   0.55285   0.30501  -0.93686  -1.27665   1.31918   1.04582  -1.37136
  -0.05438  -0.24923  -0.04613  -0.15881  -0.09508   0.84464   0.61156   0.94082   0.57023  -0.38327  -1.10735  -0.59647
  -0.34484  -0.32323   1.24000   0.71013  -0.42270  -1.24057  -0.64054   0.24601   0.37330   0.47330  -1.33794  -1.75085
  -0.31209  -0.87519  -1.16185  -0.13663   0.85993   0.44803  -0.00365  -1.11973  -0.83192  -0.19940  -0.58668   0.29570
  -0.09133  -0.74300  -1.19901  -0.78119   0.68340   2.39588   0.74380  -0.65179   0.26993   0.35866  -1.02815  -0.83877
   0.00000   0.00000   0.00000   0.00000   0.00000   0.00000   0.00000   0.00000   0.00000   0.00000   0.00000   0.00000

 Columns 97 through 108:

   1.86828   0.17503  -1.30800  -0.24016  -0.03932  -0.00002  -0.01597  -0.12618   1.59202   0.11480  -0.80337  -1.49551
   0.28811   0.65196  -0.87522  -1.02661   0.01137  -0.01384  -0.13562   0.05970   0.82914   0.35052   0.44357   0.46060
   0.03734   0.29715   1.15651   0.11811  -0.05725   0.00007  -0.01106  -0.06214   0.53756   0.46984  -0.27112  -0.11353
  -1.70155  -0.83575   0.29747  -0.60945  -0.13774  -0.00008  -0.00802  -0.07850  -0.57116  -0.24804  -0.35726   0.44392
   0.37097   0.36589  -0.12680  -0.11312   0.00297  -0.00012   0.01359  -0.07051  -1.10300  -0.87710  -1.04365  -1.25623
  -1.14252  -0.76764  -0.28699  -0.01004  -0.00220   0.02212   0.13778   0.28733  -0.02282  -0.80798  -1.81058  -0.91822
  -1.31645  -0.48661   0.50814   0.40895  -0.18962  -0.00010   0.00207  -0.01551  -0.30826   0.20221   0.82225   0.85428
   0.46058  -0.47905  -0.64005  -0.30643  -0.00413  -0.00012  -0.00110   0.03949  -0.39960  -1.08123   0.07414   0.44838
  -0.98434  -1.12483  -0.16145   0.04867  -0.22612  -0.00007   0.00115   0.01380  -0.30427  -1.30483  -0.64532  -0.21208
   0.00000   0.00000   0.00000   0.00000   0.00000   0.00000   0.00000   0.00000   0.00000   0.00000   0.00000   0.00000

 Columns 109 through 120:

  -0.84204   2.36226   1.55289  -2.09737  -1.29896  -0.14135  -1.59407  -1.64897   3.95582   0.92609  -3.27319  -0.68711
  -0.20526  -2.79776  -2.09959   1.40743   0.89686  -0.12973   1.34196   0.04536   0.18978   1.36009  -0.08181  -1.29469
  -0.17485  -1.22773  -0.40877  -0.92535  -1.56464  -0.48180  -0.24033   0.46055  -0.65925   0.04210   1.94526   0.17326
  -0.29018   0.10529   0.70173   0.89397   0.46488   1.18724  -1.21683  -1.03524  -1.46169  -0.20142  -0.54688  -1.35396
  -0.12249   0.98192   1.25495  -0.91897  -2.85548   0.76971   1.38349   0.45863   0.42398   0.69082  -1.22705  -0.73481
  -0.22115  -0.71100   0.02914   1.06576  -1.83114   0.50306  -0.64577  -1.72653   0.78690  -0.81934  -0.73508  -0.02034
   0.32885   0.60245  -1.25879  -0.54866  -0.16949   0.28966  -1.93319  -1.57811  -0.75299  -0.04380   1.08281   0.87584
   0.73943  -0.03447  -0.40465  -0.34623  -0.97102   0.10802  -0.50931  -0.58404   0.87128  -0.50203  -0.38179  -0.54722
  -0.15666   0.67388   1.04669   0.08909  -0.91896  -0.26311   0.06498   0.09775  -0.04766  -0.40545  -0.26894  -0.08252
   0.00000   0.00000   0.00000   0.00000   0.00000   0.00000   0.00000   0.00000   0.00000   0.00000   0.00000   0.00000

 Columns 121 through 132:

  -0.04533  -0.00016   0.01398  -0.80351  -0.33649  -0.56098  -1.44296  -0.63578  -1.02172  -0.61675  -1.19531  -0.99173
  -0.04241  -0.07598  -0.40718   0.32115   0.96898   0.04734  -0.21925   0.80853   0.31259  -2.55793  -1.60573   0.55092
  -0.10884   0.00016  -0.00881  -0.12341  -0.30061  -0.12115  -0.20598  -0.59304  -0.75094  -0.83451  -0.40650   0.62872
  -0.30563   0.00115  -0.03429  -0.31382  -0.27161   0.35258  -0.00980  -1.05649  -0.64057   0.60871   1.08701   0.31510
  -0.01594   0.00258  -0.01645  -0.29226  -0.64355   1.15517   0.81895   0.74107   0.47036   0.01495   0.17391   0.23079
  -0.00747   0.13409   1.06334   0.86568  -0.25672  -0.27463  -0.77409  -0.29623   0.66215   1.20752   0.65283   0.80619
  -0.11685   0.00018  -0.00230  -0.05918  -0.07055   0.28590  -0.36244   0.83224   0.24466   0.18553  -1.11992   0.33458
  -0.03317  -0.00006  -0.00726   0.04169  -0.41577  -0.67134   0.04248   0.96896   0.52551   0.03102   0.03460  -0.40839
  -0.10573  -0.00002   0.00187   0.01112  -0.49910  -1.45414  -0.62346  -0.05220  -0.44346   0.42126   0.89571  -0.20595
   0.00000   0.00000   0.00000   0.00000   0.00000   0.00000   0.00000   0.00000   0.00000   0.00000   0.00000   0.00000

 Columns 133 through 144:

  -0.68440  -0.18411  -0.87518  -1.85654  -1.95042  -0.04513  -1.82580  -1.13353  -0.02893  -0.00084   0.04841  -1.59345
   0.42689  -0.57135   0.80764   0.65317  -0.08793  -1.09563  -0.76910  -1.15982  -0.08674  -0.05152  -0.34955   0.99465
  -0.82105  -0.61357  -0.26488   0.30019   0.16383   0.14961   0.52116   0.17218  -0.12705   0.00024  -0.00765  -0.01258
   0.73961   1.65049  -0.85704  -0.80748  -0.87447   0.30552   0.25172  -0.74733  -0.16510  -0.00301  -0.57854  -1.41447
   0.17164  -2.69534  -1.39547   1.39633   0.05888  -0.09327   0.12868  -0.66359  -0.14981   0.00279  -0.03668  -0.55576
   0.58412   1.89965   1.31157   0.13118   1.66786  -0.16512  -1.04572  -0.06792  -0.01130   0.11477   0.79138   0.21311
  -0.23987  -0.16583  -1.76851  -0.26202   0.80564  -0.63104   0.20811   0.65613  -0.11734   0.00018   0.00103  -0.13414
  -1.09069   0.79550   0.80823  -0.08032   0.04008  -0.72264   0.10931  -0.75491  -0.10650   0.00154  -0.02117  -0.00280
  -0.22560   0.63414   0.19590  -1.41675  -0.21680  -0.01669  -0.73123   0.79643   0.18344  -0.00227  -0.01787  -0.00009
   0.00000   0.00000   0.00000   0.00000   0.00000   0.00000   0.00000   0.00000   0.00000   0.00000   0.00000   0.00000

 Columns 145 through 156:

  -2.72692  -0.85259  -1.07514   0.10388  -0.77904   0.79907  -2.27319  -2.31700  -1.22613  -2.31377   1.51540   2.30083
  -0.01575  -0.40223   0.41841   0.43380  -0.17418  -1.90771  -0.64978  -0.97844   0.71272  -0.03904   0.07424   0.48730
  -0.13730   0.93362  -0.10564  -0.27885  -1.27428  -0.59381  -0.57135   0.08408  -0.29561  -2.08167  -1.11876  -0.73111
   0.01599   0.03431  -0.18779  -0.01858  -0.12953   0.16674   1.44429  -0.34622   0.14969  -0.95531  -0.89132  -0.92217
  -1.27363  -0.28160  -0.47316  -1.09554   1.22704   0.52820   0.12311   0.37343   1.40653  -1.15394  -0.49606   1.16056
  -0.17170  -0.20276  -0.65351  -1.32161  -0.08027  -0.12216   0.29195   0.70307  -0.03062   0.44984   1.18041   0.43578
  -0.06678   0.23367  -0.04851   0.46918  -0.38069  -0.58811  -0.33979  -0.27245  -1.00069  -0.72469  -0.82399   0.10231
  -0.16286  -0.24931  -0.33908   0.57262   1.20784   0.10400  -0.51095  -0.23458  -0.07770   1.37982   0.67875   0.19228
  -0.62233   0.03621   0.60665  -0.51277   0.76307   1.47553   0.34085  -0.19443   0.69340   0.19278  -0.06936  -1.39376
   0.00000   0.00000   0.00000   0.00000   0.00000   0.00000   0.00000   0.00000   0.00000   0.00000   0.00000   0.00000

 Columns 157 through 168:

  -0.90057  -0.02641   0.06032  -2.53855   0.00076   0.02042  -0.25158  -1.23933  -0.55081  -1.86871  -1.34645   0.25798
   0.95357  -0.83731  -0.94292  -1.07491  -0.14689  -0.03303   0.26356   0.99656  -0.37703   0.47907   0.56234  -0.52859
  -0.25905   0.51606  -0.12813   0.35797  -0.10568   0.00132  -0.01215   0.13002  -0.08705   0.49965  -0.30037  -0.47875
  -0.59450  -0.47764  -0.61841  -1.65723  -0.12488  -0.04856  -0.69518  -1.25465  -0.36459  -0.54108  -0.79873  -0.67183
  -0.18480  -0.15437   0.57500  -0.65809  -0.16828   0.00367  -0.11973   0.00572  -0.34257   0.40763   0.79838   1.31613
   0.79336  -0.27163  -1.60907  -0.07578  -0.01409   0.01734   0.06610  -0.59763  -1.66139  -0.17761  -0.29663  -0.67506
  -0.39983  -1.26761  -0.20393   0.70715  -0.11689   0.00170  -0.01511  -0.23635  -0.33492  -0.06667   0.41770   0.80354
  -1.03930   0.48492  -0.14498  -1.21482  -0.14881   0.00154  -0.01471  -0.08960   0.03340   0.03896  -0.60298   0.50623
  -0.12343  -1.31136  -0.63798   0.35404  -0.48770  -0.00629  -0.07475  -0.14762   0.46857   1.18483  -0.24784  -0.34847
   0.00000   0.00000   0.00000   0.00000   0.00000   0.00000   0.00000   0.00000   0.00000   0.00000   0.00000   0.00000

 Columns 169 through 180:

   0.15476  -0.38229  -2.20765  -0.49161   0.65568  -0.81952  -1.97224   0.53535  -0.12528  -0.97807  -1.57208  -2.98406
   0.42185  -1.19863  -0.64501   0.42522   1.05607   0.71577   0.91656   0.64448   0.70915  -0.18254  -0.84784  -0.82747
  -1.42918   0.24312   0.07965   0.28719   0.45168  -1.52602  -0.48806  -0.56827  -0.21928   0.28806   0.12652   0.15335
  -0.21679   0.67587   1.84149   1.81411   1.08880  -0.50449  -0.37998  -0.66548  -1.54741  -0.33923  -0.46261  -1.93822
   0.54254   0.27612   1.17465  -0.06747  -0.18977  -0.73277  -0.08883  -0.43650   0.99841   0.82951   0.45109  -0.54040
  -0.99703   0.05478   0.53349   0.44211   0.57842   1.80221   1.26789   1.03805   0.71610  -1.01488  -1.64297  -0.07788
   0.50615  -0.36963  -1.61849  -1.05068  -0.99200   0.17421  -0.12572   0.19408   0.38281  -0.43022   0.45402   0.52123
   0.22723   0.43182   1.01446   1.25340   0.41535   0.11819   0.91663   0.15497  -1.07517   1.24105  -0.41735  -1.18996
  -0.00022   0.51352   0.32171  -0.62383   0.12602  -0.24179   0.01121  -1.26191  -0.39066  -0.75557  -0.64018   0.40542
   0.00000   0.00000   0.00000   0.00000   0.00000   0.00000   0.00000   0.00000   0.00000   0.00000   0.00000   0.00000

 Columns 181 through 192:

  -0.44701   0.04222  -0.47940  -0.22080  -0.74321  -0.91095  -0.40528  -0.22246   0.21444   0.48398   0.46377   1.05027
  -0.09752  -0.04925   0.32172   0.45559   0.79943   0.09343  -0.76650   0.44304  -0.67985  -1.83083  -0.59204  -0.18375
  -0.24996   0.00244  -0.04925   0.59054   0.44452   0.21060   0.29849   0.61668  -0.81160   0.51412   0.43097   0.21890
  -0.14330  -0.07010  -0.73555  -2.29579  -1.26595  -0.75191  -1.48454  -0.63014  -0.69532   0.03977  -0.30485  -0.08897
  -0.17175   0.01994  -0.29922   0.21020  -0.61415  -0.71587   0.31013  -1.47802   0.89064   0.04044   1.08203  -0.29205
  -0.01789   0.00448   0.35528   0.35531  -1.89672  -0.23215  -1.27338  -0.17159  -0.18378   1.09121  -0.34839  -0.13337
  -0.29701   0.00466  -0.04453  -0.36964  -0.63785  -0.10523   0.55713  -0.24980   0.95947   0.35201  -2.25369  -0.93758
  -0.24956   0.00352  -0.04124  -0.22789  -0.23911   1.13194  -0.28069  -0.08592   0.90995   1.47535   0.11946   0.19848
  -0.84912  -0.00124  -0.12151  -0.42693  -0.37947   0.92610   0.58597   0.55609  -0.87811  -0.58114   0.35552   0.67643
   0.00000   0.00000   0.00000   0.00000   0.00000   0.00000   0.00000   0.00000   0.00000   0.00000   0.00000   0.00000

 Columns 193 through 204:

   0.63585   0.94848   0.69579   0.16774  -1.46470  -0.19295  -0.23166  -2.18736  -0.12721   0.02772  -0.26415   0.74714
   0.21587   0.16386   0.87779   0.22029   0.20742  -0.08404  -0.41358  -0.77740  -0.07555   0.09318  -1.12998  -0.46954
   0.33031  -1.28841  -0.61378   0.08073  -0.14529  -0.12702   0.56887   0.29427  -0.43947   0.00209  -0.04163   0.09489
   0.01689   1.09759   1.80057  -0.97436  -0.71125  -0.23130  -0.68980  -2.10014  -0.34732  -0.05696  -1.20777  -2.59215
   0.05085  -2.01551   0.05515  -0.04963   0.34622  -0.54704  -0.19299   0.16536  -0.27284   0.03605  -0.56522  -0.77581
  -0.96229   0.05895   0.77070   0.99135   1.35773   0.00166  -2.06112  -0.28435  -0.00991   0.00952   0.53880   0.86657
  -0.93501  -0.23574  -0.20579  -0.07245   0.42076  -0.37335  -0.88164  -0.00596  -0.09517   0.00048  -0.02041  -0.46775
   1.01633   0.44330   0.06290  -0.65162   0.58508   1.23881   0.11615  -1.14625  -0.31894   0.00910  -0.09213  -0.52553
   0.07105   0.05639  -0.37877  -0.97720  -0.00452  -0.59079  -1.06669   0.61583  -0.93017   0.00297  -0.16195  -0.38867
   0.00000   0.00000   0.00000   0.00000   0.00000   0.00000   0.00000   0.00000   0.00000   0.00000   0.00000   0.00000

 Columns 205 through 216:

  -1.50209  -2.45376   0.36455  -0.44538   0.53793   2.96815   2.94279   2.05906   2.40381  -0.05589   1.34456  -0.05743
   0.91992   0.32667  -0.35215   0.48451  -0.55636  -0.62545  -1.52248  -0.39323   0.51692   0.22384   0.44477   0.29499
  -0.25307  -0.42532   0.63564  -0.54270   0.21350   1.15142   0.25334   0.05590  -0.24998  -1.67360  -1.00916   0.13788
  -0.32549  -0.63246  -1.61903  -1.36294  -2.43368  -0.90693  -0.55171  -0.67751   0.38241   0.08408   0.66809   0.22294
  -0.36598  -0.12954   0.14542  -0.45845   0.47293  -1.14139  -0.30199  -0.93056   0.44469  -1.23997   0.93162  -1.14212
  -1.06015  -0.26759  -0.16199  -0.77220  -1.15419  -0.27684  -0.31387   2.11164   0.19102  -0.03934   0.64770   0.53861
  -0.40599  -0.11699  -0.41318   0.77605   0.25905   0.37399  -1.47814  -0.65701  -1.03058   0.96036   0.18260  -0.66873
   0.13104   0.86349  -0.59166  -0.52384  -1.24144   0.13607   0.76013  -0.13062   0.33100   0.23210  -1.20771  -0.94000
  -1.24012   0.74747   2.12346   1.11029   0.97304  -0.16036   0.50465   0.24052  -1.51621   0.37945  -0.08833  -1.23761
   0.00000   0.00000   0.00000   0.00000   0.00000   0.00000   0.00000   0.00000   0.00000   0.00000   0.00000   0.00000

 Columns 217 through 228:

   0.13350  -0.27038  -1.57530  -1.68530   0.04843   0.00808  -0.15977   0.50732   2.17854   0.71939  -0.46202  -0.94878
  -1.09562  -0.22788  -0.24897  -0.96998  -0.05380   0.27529  -0.83307  -0.88134   0.15917   0.42195  -0.13162  -0.86697
   0.05138   0.11880   0.02149  -0.62347  -0.39068   0.00312  -0.07118   0.34541   0.67144   0.37497  -0.25075   0.83144
  -0.44620  -0.37742  -0.00801  -0.97618  -0.74720  -0.20739  -0.88023  -1.75891   0.39935  -0.15033  -2.00134   0.68883
   0.42119   0.37298   0.74302  -0.31198  -0.29806   0.03837  -0.54510  -1.39809  -0.76464  -0.44638  -0.67746  -0.61366
   0.32105   0.10033  -2.42061  -0.47329  -0.02097  -0.01366  -0.07971   0.44865  -0.88620  -0.70836  -0.63413  -0.68227
  -0.34665  -0.72948   1.25956  -0.09321  -0.37379   0.00013  -0.01772  -0.32686  -1.46536   0.29664  -0.14814   0.64015
   0.19899  -0.39500   0.77840  -0.87358  -0.22515   0.01013  -0.13605  -0.67247   0.01225   0.27538  -0.01434  -0.05190
  -0.12024  -0.66833  -1.59864   1.43743   0.11066   0.00635  -0.16991  -0.58532  -1.75940   0.60483   1.93911  -0.54782
   0.00000   0.00000   0.00000   0.00000   0.00000   0.00000   0.00000   0.00000   0.00000   0.00000   0.00000   0.00000

 Columns 229 through 240:

   1.89082   1.31540   0.42598  -1.06350   0.20543  -1.87471  -1.13766   0.69923   0.93613   0.85446  -2.79379  -1.87199
  -0.05887   0.35123  -0.41692  -0.54657   0.28760   0.39218   0.02239   0.39728  -0.77009  -0.51070  -0.85486  -1.18538
   1.44679  -0.34250   0.79068   0.24480   0.05740   0.65452   0.61936   0.22322   0.36618   0.16288  -0.31131  -0.99374
  -0.07700   1.19849  -0.02347   0.60880   1.78088   0.89026   0.72737   0.69214  -1.18386  -0.15943  -0.86802  -1.19242
  -1.58390   0.61045  -1.64724  -0.06766  -1.84282   0.71258  -0.49484  -0.95264   0.19571  -0.16232   0.10753  -0.45229
  -2.03919  -0.56007  -0.39484  -0.46936  -0.11616  -1.26461   0.77506   0.70266   1.30003   0.16624  -1.41202  -0.24489
   1.34507   1.46140   0.29153  -0.11214  -0.73195   0.36261  -0.85568  -0.08060  -0.37649  -0.05986   0.23055  -0.28379
  -0.55858  -0.14761   1.69459   0.74859   0.67144   0.22835   0.24086  -0.57923  -0.42115  -0.22001   1.10283  -0.70401
  -0.57574   0.42114   0.30711   1.33026   1.28922  -0.49970  -0.02525  -0.77759  -0.51580  -1.14744  -0.11371   0.10766
   0.00000   0.00000   0.00000   0.00000   0.00000   0.00000   0.00000   0.00000   0.00000   0.00000   0.00000   0.00000

 Columns 241 through 252:

  -0.05334   0.02206  -0.18688  -2.36306  -2.85003  -1.47193  -2.02672  -0.43445   0.01455   0.10325   0.09127   0.89055
  -0.10773   0.08113  -0.65947  -1.28595   0.50492   0.38665  -1.13826   0.72485  -0.09302  -1.04815   0.17532   0.28265
  -0.26873   0.00374  -0.05494   0.90922  -0.27458  -0.27145   0.45120   0.01348   0.33270   0.64015   1.00876  -0.59748
  -0.40877  -0.04542  -1.04986  -2.60415   0.19762  -0.22205  -0.94798  -0.62286  -0.20556   0.00998   1.10711   0.03921
  -0.20134   0.04279  -0.48638  -1.82863   0.91961  -0.44634  -0.58254   0.54703  -2.41444  -0.04447  -0.84868   0.20608
  -0.01872  -0.03947   0.31693   0.44108  -1.37760  -0.15409  -0.29863  -2.17022  -1.56486   0.23851  -0.09892  -0.04615
   0.01793   0.00270  -0.01955  -0.08007  -2.64932  -0.19865   0.54426   0.41771   0.56554   1.74256  -0.39265  -0.04076
  -0.10335   0.01292  -0.15595  -1.02567   0.23400   0.89624  -0.75992   0.36901   0.07632  -0.79842  -1.15306   0.40240
  -0.21895   0.01974  -0.19385  -0.96042  -2.47128   1.13423   0.87760  -0.14828  -0.27833   1.32914  -0.18622   0.96670
   0.00000   0.00000   0.00000   0.00000   0.00000   0.00000   0.00000   0.00000   0.00000   0.00000   0.00000   0.00000

 Columns 253 through 264:

   1.16969  -0.93322  -0.79154  -1.23311  -1.23309   2.25261   0.70634  -0.90041  -0.11718   0.01763  -0.24263  -0.89941
  -0.96284   0.56111   0.52984  -0.38493   0.38938   0.77489   0.21432  -0.51443  -0.06976   0.05950  -0.91232  -1.32302
  -0.38740   0.19015  -0.09696  -0.32845   0.66984   0.18907  -0.58407  -0.81443  -0.11853   0.00207  -0.03619   0.68293
  -0.01523   0.47853  -1.13611  -0.08384   0.40451   1.35188  -0.57916  -2.21053  -0.33729  -0.00035  -0.51369  -1.31301
  -0.79688   0.90273  -0.03811   0.71940  -0.62147   0.07271  -0.18491  -0.42046  -0.23364   0.02377  -0.26895  -1.44395
   0.29174  -0.16380   0.98240  -0.35886   0.64206  -1.05500  -1.03562  -0.16087  -0.00804  -0.06385   0.98389   1.12382
   0.93482  -0.62334  -0.07033  -0.09832  -0.60281  -1.18416  -0.41802   0.59496   0.29207   0.00212  -0.01360  -0.06016
  -0.79189  -0.09284  -0.62285  -0.36184   0.72425  -0.05654   0.50764  -0.52606  -0.05877   0.01444  -0.17055  -0.60298
  -0.09133  -0.04216   0.88488  -1.31229  -0.84357  -0.86655   0.12434   1.66072  -0.17509   0.01580  -0.15918  -0.77431
   0.00000   0.00000   0.00000   0.00000   0.00000   0.00000   0.00000   0.00000   0.00000   0.00000   0.00000   0.00000

 Columns 265 through 276:

   1.54587   0.64886   1.87851  -0.91052  -1.26110   1.32264  -1.40539  -1.31497  -2.53933  -1.36877   1.28516   1.69137
  -0.60960   0.64309  -0.60665   1.05556  -0.39601  -1.26697  -0.45378  -0.74262   0.37353   0.00365  -0.25371   0.09943
  -0.06475  -0.30545   0.72447  -0.39359   0.25346   0.80935  -0.54785  -0.36550   0.16225   1.53140   0.48918  -0.08565
  -0.96731  -0.84492   0.42332  -0.36746  -0.03312  -0.25892   0.80153   0.82596   0.67564   0.22604  -0.35352  -1.00975
  -0.43496   0.11686  -0.57626   0.24738  -1.32942  -1.28614  -0.46202  -0.31829   0.01312  -1.10442   0.74364  -0.83448
  -0.66912   0.73057  -2.13614  -2.60610  -0.44497  -0.71524  -0.67735  -0.53382  -0.10102  -0.04117   0.23631  -0.00845
  -1.94574  -1.28606   0.05010   0.12074   0.53600   1.46158  -1.03025  -0.05657   0.91464   0.40710  -0.40230  -1.04111
   0.35282  -0.44330   0.04796  -0.13431   0.07111   0.92486  -0.66887  -0.72731  -0.57793  -0.95941  -0.57462   0.19643
  -2.10526   0.69366  -0.48472  -0.52439   0.83828   0.03642   0.70666  -0.49201  -1.10267   0.38775  -0.63203  -0.03926
   0.00000   0.00000   0.00000   0.00000   0.00000   0.00000   0.00000   0.00000   0.00000   0.00000   0.00000   0.00000

 Columns 277 through 288:

  -0.81931   1.24658   0.33848  -0.77069  -0.03819   0.00250  -0.01620  -0.53467  -0.63838  -0.28216  -0.58196  -1.03326
   0.48483  -0.44027   0.83086  -0.09438  -0.08151   0.03486  -0.46261  -0.09016  -0.80209  -0.09465  -0.25992   0.12455
   0.05909   0.14061   0.23198   0.13247   0.05510  -0.00055  -0.00761   0.21730  -0.96084  -0.42712   0.37781   0.62921
   0.08990   0.67606  -1.12019  -1.17516  -0.08555   0.02367  -0.32233  -0.36514   0.94647   0.59219  -0.37656  -0.42987
   0.17163   0.11980  -0.56680  -0.87398  -0.32060   0.01950  -0.31967  -0.39337  -0.01097   0.24418   1.03582  -0.08410
   1.89334  -0.22611  -0.82530  -0.15455   0.00042   0.03062   0.61527   0.88331   1.20120  -0.94230  -2.72327  -0.22994
  -1.22809  -1.31002  -0.81675   0.59335   0.32473   0.00065  -0.00153  -0.03626  -1.08841  -1.06600   0.22936   0.09212
   0.15097   0.25162   0.58201  -0.12543  -0.03168   0.00602  -0.06008  -0.61885  -0.03951   0.00454  -0.12030   0.26441
  -0.26989  -1.64309  -0.27585   1.74885   0.42460   0.00168  -0.05550  -0.45383  -1.60190  -0.11665   1.02542  -0.56197
   0.00000   0.00000   0.00000   0.00000   0.00000   0.00000   0.00000   0.00000   0.00000   0.00000   0.00000   0.00000

 Columns 289 through 300:

  -0.70281  -2.34968  -2.12092  -1.09608  -1.97367  -1.39742   1.87684  -0.88181  -0.24184   2.21797  -1.21515  -0.68436
   0.87535   0.41681   0.14960  -0.31716   0.58181  -0.57073  -0.49164   0.88655   0.67722  -0.91914   0.79407  -0.34594
   0.38554  -0.19740  -0.49592   0.08175  -0.15999   0.08923  -0.21153   0.24610   0.50383   0.32494  -0.32206   0.21335
  -0.36062  -1.00848   0.78815  -0.08572   0.05565   0.26733   0.55873  -0.22884   0.33853   0.08098  -1.21851  -0.79328
  -2.05655  -2.50805   1.22465  -0.84422   0.41608   0.08701   0.30768   0.57828   0.70111  -0.18557  -0.20563  -1.04578
   0.04887  -1.47181   0.40920   0.97851  -1.08870   1.13028  -0.39394   0.11866   0.25727  -0.55594  -0.49578  -0.10677
   0.55441   0.29998  -0.15306   0.50274   1.02210  -0.09855  -1.09128  -0.75914  -0.75869  -1.15237  -1.10501   0.18920
   0.87281   1.05883  -0.05022  -1.16885   0.60418  -0.30306  -0.85021  -0.17074  -0.75848  -0.17211   0.40550  -0.09769
  -0.39901   1.55604   0.63494   0.47972  -0.93719  -0.16272   0.82106   0.35247  -0.80660  -0.90975   0.52464   1.41850
   0.00000   0.00000   0.00000   0.00000   0.00000   0.00000   0.00000   0.00000   0.00000   0.00000   0.00000   0.00000

 Columns 301 through 312:

  -0.04049  -0.00016   0.01832  -0.16614  -1.28267  -1.19255   1.02736  -0.31416  -1.46607  -1.22700  -0.92320  -1.30796
  -0.02740   0.00267  -0.11530  -0.28541  -1.07023  -0.47699   0.73933  -0.34853   0.14519  -0.24807  -0.45371  -0.88982
   0.16269  -0.00033   0.01276  -0.09031  -0.92278  -0.75412  -0.85299   0.59176   0.44276  -0.74191  -0.97377  -0.21554
  -0.09143   0.02360  -0.32042  -0.04403   0.81612   0.38610   1.04906  -0.40540   0.43562   0.34026   0.10801   0.18981
  -0.22464   0.02778  -0.35053  -0.35271   0.69733   0.33199   0.39488   1.08855  -0.73919  -3.40414   0.65849   0.02839
  -0.00886   0.00440   0.27299  -1.10741  -0.04413  -0.78416  -0.85675  -1.34908  -1.85052   0.46612   0.03702   1.50736
   0.24321   0.00000   0.00102   0.00484  -0.61128  -0.41267   0.17898   0.26087   0.09344   0.20189   0.89660   0.48269
  -0.03382  -0.00013  -0.00099  -0.26711   0.12385   0.25830  -0.45888  -0.17099   0.67977   0.17290   0.55902  -0.83851
   0.26819  -0.00235  -0.00335  -0.07201  -1.22922  -1.90611   0.77676  -0.63545   0.04272   1.04267   0.75133   0.79579
   0.00000   0.00000   0.00000   0.00000   0.00000   0.00000   0.00000   0.00000   0.00000   0.00000   0.00000   0.00000

 Columns 313 through 324:

  -1.69066  -1.58594  -1.43269  -0.65753   0.57835   0.12583  -1.41961  -0.01601  -0.00814  -0.00001  -0.01203   0.08367
  -0.17807   0.73571   0.35111   0.23633   0.87819   0.37293   0.26784  -0.29069   0.00707  -0.00213   0.01580  -0.16262
   0.31229   0.91650   0.52708   0.82232   0.72754  -0.29810  -0.03780   0.23400   0.01229   0.00002   0.00864  -0.09167
  -0.33068  -1.25036  -1.33596  -0.15281   0.76071   0.54479  -0.97436  -1.14712  -0.45970   0.00513  -0.07073   0.02364
  -0.32867   0.40272   0.02820  -0.64042   0.25699   0.50241  -0.56127  -1.11674  -0.72880   0.00536  -0.05275  -0.15276
   0.18023  -0.90204  -0.96730   0.34935  -1.52340  -0.84141  -0.19035  -0.08759  -0.08713  -0.00525   0.07621  -1.64739
   0.50524  -1.16648  -0.76884  -0.64797  -0.28450  -0.94532  -0.55077   0.18804   0.71516  -0.00001   0.00103   0.00933
  -0.60165  -0.11143   0.02116   0.55802   0.02851   0.46701   0.08295  -0.16260  -0.02800   0.00344  -0.03306  -0.15656
  -0.69762  -1.32618  -0.50019  -0.54201  -0.91112  -0.30385   1.35376   1.55467   0.07188  -0.00041   0.00290   0.00544
   0.00000   0.00000   0.00000   0.00000   0.00000   0.00000   0.00000   0.00000   0.00000   0.00000   0.00000   0.00000

 Columns 325 through 336:

   0.66959  -1.01407  -0.99133  -1.19058  -0.95821  -0.45508  -0.31388  -0.18273  -0.32507  -0.89398   0.26726   0.80809
  -0.99754  -1.00086  -0.55123  -0.47951  -0.41258  -1.25707  -0.33161  -1.28123  -1.28923   1.32969   0.30293  -0.03057
  -0.39488  -0.41099  -0.52268  -0.43233   0.06819  -0.33274  -0.78610   0.00921   0.74228   0.18974  -0.98986  -0.88539
   0.33359   1.20556   0.28296  -1.05630   0.16491  -0.75546  -1.00441   0.06756   0.70597   0.50896  -1.57834  -0.64255
   0.22048   0.26718   0.00475   0.22099  -0.71955  -4.84852  -3.79148  -0.99185  -0.65266  -0.17554   0.42930   1.34612
  -0.60812   0.47432  -0.78112  -1.11672  -1.32837   0.36609   0.08365   0.96944   1.01391   0.49211   0.30326  -0.01739
  -0.29794  -0.36749  -0.27800   0.43984   0.83668  -0.10269  -0.38844  -0.39416   0.16280  -1.13931  -1.14832  -1.24493
  -0.41007   0.09582   0.49938   1.33472   1.35713   0.62578   0.37148  -0.15746  -0.46004  -0.53904   0.25040   0.42072
  -0.59508  -1.79857  -1.35120  -1.79307  -0.65342   0.23949  -0.59640  -0.79226  -1.26803  -1.45795  -0.49255   0.32038
   0.00000   0.00000   0.00000   0.00000   0.00000   0.00000   0.00000   0.00000   0.00000   0.00000   0.00000   0.00000

 Columns 337 through 348:

   0.19687  -0.58772  -0.44241  -0.01279  -0.00657   0.00001  -0.00603   0.04100   0.36982  -0.97528  -1.38115  -0.70624
   0.95958   0.69511   0.06356  -0.14180   0.00676  -0.00069   0.01310  -0.02083   0.01229  -0.54353  -1.40122  -1.32079
  -0.38768  -0.28355   0.03150   0.09221  -0.01335   0.00001   0.00091   0.00019  -0.08336  -0.68032  -1.39303  -1.34657
   0.50694   0.46032  -0.09613   0.01598  -0.15686  -0.00063   0.01059  -0.00691  -0.21806  -0.35252  -0.05873  -1.27187
   1.81421   0.80629  -0.11837  -0.14611  -0.17277  -0.00067   0.00049   0.19811   0.42578   0.86179   1.74402   3.95055
  -1.28802  -0.59811  -0.08154  -0.00114  -0.02182   0.00056   0.02610  -1.23517  -1.14911   0.22212  -1.19008  -2.43719
  -1.34009  -1.42662  -0.74096  -0.38034   0.11365   0.00002   0.00038   0.00277  -0.06621  -0.45896  -0.83149  -0.34178
   0.24597   0.12439  -0.16541  -0.09372   0.00532   0.00316  -0.03531  -0.03266  -0.09962  -0.34924  -0.40617   0.12558
   0.52175   0.38464   1.20357   0.78042   0.09131   0.00007   0.00179   0.00461  -0.20491  -0.74248  -1.58953  -1.65489
   0.00000   0.00000   0.00000   0.00000   0.00000   0.00000   0.00000   0.00000   0.00000   0.00000   0.00000   0.00000

 Columns 349 through 360:

   0.01278  -0.01097  -0.26897  -0.04073  -0.11674  -0.32946   0.52139   2.45737   2.71875   0.63045  -0.22667  -0.01348
   0.35035   0.63584   0.54601  -0.77402  -0.01423   1.00382   0.26967   0.30416   0.35996   0.07945  -0.09038  -0.02202
  -0.49814  -0.16537  -0.18653   0.00247   0.27635  -0.31584  -0.68629  -0.55190  -0.44530  -0.05460  -0.05561  -0.01158
  -0.54450  -0.52277  -0.67289  -1.50140  -0.92662  -0.00382  -0.88535  -0.55203  -0.25383   0.16331   0.18568   0.15701
   2.16124  -1.81892  -2.36313   0.24815   1.50253   1.40809   0.88420   0.84929   0.71716   0.11157  -0.06608  -0.00098
  -0.88384   0.93266   1.32353   0.72232  -0.64136  -1.29112  -0.48684  -0.81403  -0.78155  -0.31201   0.00668   0.00110
   0.09256  -0.57612  -0.96021  -0.26135  -0.20302  -0.39320   0.38377  -0.07038  -0.16364  -0.12155  -0.04948  -0.03408
   0.04383   0.54934  -0.26076  -0.06276   0.23252  -0.01766  -0.18246  -0.09380  -0.15975  -0.08367  -0.01634  -0.03114
  -0.84464  -0.12446  -0.84124  -1.18686  -1.33850  -1.13873  -0.25348   0.69774   0.54886   0.07479   0.08707   0.11881
   0.00000   0.00000   0.00000   0.00000   0.00000   0.00000   0.00000   0.00000   0.00000   0.00000   0.00000   0.00000

 Columns 361 through 372:

   0.00029  -0.00000   0.00077   0.00269  -0.09668  -0.37384  -0.13933  -0.16334   0.65386   0.49470  -0.13072   0.25823
   0.00183   0.00003  -0.00082  -0.00461   0.10259  -0.02071  -0.46096  -0.51159  -0.03711   0.73222   0.50690   0.28448
   0.00098  -0.00000  -0.00003   0.00168  -0.00194  -0.11796  -0.40479  -0.31878  -0.09951  -0.01973   0.01046   0.00683
  -0.00261  -0.00000   0.00060  -0.00077  -0.05275  -0.20398   0.52994   0.36729   0.09905  -0.52778  -0.65446  -0.44684
   0.02333  -0.00000  -0.00780   0.00752   0.76302   1.21352   0.83786   2.90502   3.72601   1.27259  -0.05310  -0.30146
   0.00280  -0.00000   0.00102   0.00112   0.09685   0.67558  -0.28026  -0.70559  -0.19187  -0.90947  -0.26868   1.03352
  -0.03320  -0.00000   0.00000   0.00031   0.00464  -0.08989  -0.39899  -0.41203  -0.13856  -0.02817  -0.02816   0.28139
   0.00627  -0.00013   0.00153  -0.00111   0.04690  -0.29624  -0.73479  -0.76730  -0.42852  -0.10614   0.02399  -0.09989
  -0.00068  -0.00000  -0.00003   0.00096   0.01021  -0.18304  -0.95893  -0.77301  -0.27273  -0.25054  -0.11996   0.04510
   0.00000   0.00000   0.00000   0.00000   0.00000   0.00000   0.00000   0.00000   0.00000   0.00000   0.00000   0.00000

 Columns 373 through 384:

   0.03375  -0.10416  -0.00128   0.53072   1.72586   0.45143  -0.04584   0.00078   0.00008   0.00000  -0.00004   0.00110
   1.74406   1.24251   0.59914   0.24961   0.06392   0.03073   0.00856   0.00124  -0.00012   0.00000   0.00002   0.00074
  -0.02974  -0.07099  -0.03208  -0.07379  -0.02682   0.00187   0.00254   0.00007   0.00002   0.00000  -0.00000   0.00002
  -1.05836  -0.80508  -0.15087  -0.02929   0.02458   0.00806  -0.00713  -0.00738   0.00128   0.00000  -0.00006   0.00153
  -0.25446  -0.07249  -0.00846  -0.51570  -0.32296  -0.04638   0.00893   0.00124  -0.00007   0.00000   0.00067  -0.00895
  -0.02459  -0.47074  -0.23774  -0.19731  -0.06136  -0.01513   0.00354   0.00008  -0.00000   0.00000  -0.00014  -0.00257
   0.02082  -0.06703  -0.00340   0.00897   0.01118   0.01568   0.00946   0.00584   0.00145   0.00000  -0.00000   0.00000
  -0.25776  -0.24880  -0.18971  -0.24297  -0.06641   0.00285   0.00204   0.00199  -0.00042   0.00000  -0.00002  -0.00120
  -0.16541  -0.23668  -0.05185  -0.00955  -0.06923  -0.04649  -0.01199  -0.00956  -0.00140   0.00000  -0.00000   0.00002
   0.00000   0.00000   0.00000   0.00000   0.00000   0.00000   0.00000   0.00000   0.00000   0.00000   0.00000   0.00000

 Columns 385 through 396:

  -0.00595   0.00939  -0.00509   0.00607  -0.06223  -0.05511   0.00419   0.04593   0.00166   0.06332   0.32733  -0.01535
  -0.00827  -0.02666   0.00662   0.02213  -0.01313   0.02450   0.08488   0.17567   0.38906   0.30847  -0.01581   0.03030
  -0.00006   0.00546   0.02955   0.01848   0.00628   0.00180  -0.00111   0.00880   0.01541   0.00085  -0.00999  -0.00255
   0.00211  -0.17501  -0.15031  -0.17092  -0.02088  -0.06420  -0.09360  -0.05059  -0.14796  -0.19231  -0.00792   0.00555
   0.00566   0.06145  -0.23291   0.06247   0.23837   0.15509  -0.01044  -0.01866  -0.12417  -0.15544  -0.03084  -0.08702
   0.00006   0.73297   0.45847  -0.15764   0.01934  -0.02804  -0.13421  -0.17136  -0.19579  -0.11110  -0.02258  -0.02565
   0.00129  -0.01697  -0.04006  -0.05918  -0.00562  -0.00541  -0.00251  -0.02670  -0.00775  -0.00401  -0.01003  -0.00172
   0.01444  -0.01409   0.04014   0.07074   0.00249   0.02268   0.00890  -0.02106  -0.05547  -0.05440  -0.02921  -0.02684
   0.00277  -0.04099  -0.12673  -0.04152   0.01906   0.00481   0.00382   0.00788  -0.05463  -0.10445  -0.02554   0.00136
   0.00000   0.00000   0.00000   0.00000   0.00000   0.00000   0.00000   0.00000   0.00000   0.00000   0.00000   0.00000

 Columns 397 through 401:

  -0.15743  -0.03925   0.00486   0.00000   0.00000
   0.00844   0.01533   0.00423  -0.00048   0.00000
  -0.00337   0.00050  -0.00003   0.00000   0.00000
  -0.00266  -0.00176   0.00014   0.00000   0.00000
  -0.01436   0.00517  -0.00041  -0.00000   0.00000
  -0.00589   0.00208  -0.00028   0.00001   0.00000
  -0.00182  -0.00214  -0.00046   0.00006   0.00000
  -0.01131   0.00063  -0.00011   0.00001   0.00000
   0.00342   0.00104  -0.00082   0.00006   0.00000
   0.00000   0.00000   0.00000   0.00000   0.00000

J =  0.69315
J =  0.34780
Iteration     1 | Cost: 3.478011e-001